50 90 28
0 1 2 3 4 5 7 11 13 15 17 22 24 25 27 29 30 33 34 37 38 39 40 43 44 47 48 49 
1 11 1
2 9 0
2 33 0
3 17 0
4 38 0
5 11 1
5 43 0
6 2 0
7 36 1
8 2 0
8 3 0
8 30 0
8 41 1
10 35 0
10 45 0
10 47 1
11 29 0
11 32 1
13 1 0
14 7 0
14 46 0
15 14 1
16 8 0
16 13 0
17 37 1
18 6 0
18 31 0
18 43 0
19 21 1
19 41 1
21 1 0
21 7 1
21 9 1
22 3 0
23 25 0
24 18 0
24 36 0
25 31 1
25 48 1
26 17 0
26 49 0
27 14 0
28 45 0
28 47 1
29 0 0
29 44 0
30 0 0
30 5 0
30 32 1
31 21 0
31 45 1
32 10 0
32 13 1
33 25 0
34 32 1
34 42 0
35 48 1
36 40 0
37 16 1
38 9 1
39 5 0
39 13 0
39 19 1
40 7 0
40 16 1
40 26 0
41 2 0
41 18 0
42 6 1
42 31 1
43 8 0
43 10 0
43 27 1
44 12 1
44 14 0
44 20 1
44 46 0
44 47 1
45 29 0
45 33 1
45 35 1
45 37 0
47 46 0
48 7 0
48 23 1
49 20 0
49 24 1
49 33 0
49 36 1
49 44 0

